Agg+,		Agg-,		Auu+,		Auu-,		Agu+,		Agu-
-3.40546,	-3.405712,	-3.407561,	-3.407686,	-3.406306,	-3.406321
-3.405143,	-3.038622,	-3.037671,	-3.406765,	-3.037633,	-3.037791
-3.038617,	-2.958746,	-2.956332,	-3.040329,	-2.955948,	-2.95744
-3.036071,	-2.878994,	-2.87582,	-3.037548,	-2.875855,	-2.891126
-2.960249,	-2.86681,	-2.863277,	-2.960598,	-2.863282,	-2.864252
-2.955533,	-2.86013,	-2.835242,	-2.955668,	-2.835241,	-2.85952
-2.895691,	-2.833207,	-2.831347,	-2.880618,	-2.831346,	-2.830879
-2.888873,	-2.829992,	-2.828353,	-2.875107,	-2.828339,	-2.828414
-2.867273,	-2.828276,	-2.824989,	-2.841148,	-2.824988,	-2.82593
-2.858173,	-2.759414,	-2.757104,	-2.836243,	-2.757061,	-2.805594
-2.855334,	-2.669272,	-2.6658,	-2.831555,	-2.665501,	-2.754286
-2.829507,	-2.650186,	-2.647595,	-2.827998,	-2.64747,	-2.708666
-2.827569,	-2.600717,	-2.597704,	-2.827835,	,			-2.611714
-2.809697,	-2.510377,	-2.511914,	,			,			-2.569069
-2.802669,	-2.505739,	-2.507446,	,			,
-2.758764,	-2.50223,	-2.505389,	,			,			
-2.752322,	-2.496663,	-2.498777,	,			,
-2.710211,	-2.496147,	-2.497233,	,			,	
-2.704549,	-2.486947,	-2.485912,	,			,
-2.614023,	-2.458273,	-2.457039,	,			,
-2.609212,	-2.442587,	-2.444081,	,			,
,			-2.43983,	-2.44266,	,
,			-2.43945,	-2.44067,	,
,			-2.437865,	-2.437976,	,
,			-2.421457,	,			,
